# Top 100 GRN of Maize endosperm predicted by EnsemGRN
TF	Target	TigressScore	Genie3Score	AracneScore	ClrScore	p-value	ACR	UMR	DAP_seq	has_dap	has_evidence	prob
Zm00001eb384820	Zm00001eb379620	0.057	2.71207560305754e-07	0	8.917582277		1	0	0	1	1	0.9480165839195251
Zm00001eb145580	Zm00001eb102210	0.089	0.006827047	0	7.646912973	4.068542129310995	0	0	0	1	0	0.9438754320144653
Zm00001eb101700	Zm00001eb348710	0.08	0	0	6.518975032		0	0	0	1	0	0.9408369660377502
Zm00001eb310260	Zm00001eb147950	0.08	0	0	6.390092601		0	0	0	1	0	0.9408369660377502
Zm00001eb258290	Zm00001eb117350	0.075	1.32034588338033e-07	0	7.338698404		0	0	0	1	0	0.940684438
Zm00001eb386830	Zm00001eb394840	0.064	0	0.000542612	7.900776892		0	0	0	0	0	0.9405375123023987
Zm00001eb330490	Zm00001eb130740	0.21					0	0	0	1	0	0.9380964636802673
Zm00001eb271970	Zm00001eb256290	0.21					0	0	0	1	0	0.9380964636802673
Zm00001eb135750	Zm00001eb053460	0.209					0	0	0	1	0	0.9380964636802673
Zm00001eb331170	Zm00001eb257170	0.208					0	0	0	1	0	0.9380964636802673
Zm00001eb335690	Zm00001eb048370	0.208					0	0	0	1	0	0.9380964636802673
Zm00001eb150840	Zm00001eb006590	0.208					0	0	0	1	0	0.9380964636802673
Zm00001eb234120	Zm00001eb231720	0.209					0	0	0	1	0	0.9380964636802673
Zm00001eb118760	Zm00001eb002690	0.208					0	0	0	1	0	0.9380964636802673
Zm00001eb340140	Zm00001eb201290	0.209					0	0	0	1	0	0.9380964636802673
Zm00001eb021750	Zm00001eb000790	0.209					0	0	0	1	0	0.9380964636802673
Zm00001eb384820	Zm00001eb292380	0.208					0	0	0	1	0	0.9380964636802673
Zm00001eb384820	Zm00001eb291760	0.084	0	0	6.783003542		0	0	0	1	0	0.9380843043327332
Zm00001eb429870	Zm00001eb073310	0.064	0	0	6.692010664		0	0	0	1	0	0.9369029402732849
Zm00001eb311180	Zm00001eb351320	0.063	0	0	7.154805228		0	0	0	1	0	0.9364231824874878
Zm00001eb429870	Zm00001eb232670	0.052	0	0	6.610990576		0	0	0	1	0	0.936099648
Zm00001eb145580	Zm00001eb397600	0.083	0	0	6.188339351	0	0	0	0	1	0	0.9358320832252502
Zm00001eb045780	Zm00001eb254050	0.079	7.02953194182595e-05	0	9.891553973		0	0	0	1	0	0.9331037998199463
Zm00001eb384820	Zm00001eb382080	0.064	0.002187402	0	6.596254934	4.144480844	0	0	0	1	0	0.9327895641326904
Zm00001eb118760	Zm00001eb020710	0.074	0	0	6.300090013		0	0	0	1	0	0.9319632053375244
Zm00001eb311180	Zm00001eb102780	0.206					0	0	0	1	0	0.9314398765563965
Zm00001eb311180	Zm00001eb193330	0.207					0	0	0	1	0	0.9314398765563965
Zm00001eb430640	Zm00001eb071190	0.206					0	0	0	1	0	0.9314398765563965
Zm00001eb259650	Zm00001eb361500	0.075	0	0.003686929	6.566734762		0	0	0	0	0	0.9314155578613281
Zm00001eb198470	Zm00001eb399600	0.056	0	0	6.261183519		0	0	0	1	0	0.9313752055168152
Zm00001eb145580	Zm00001eb199500	0.08	1.95748962570667e-06	0	6.292644324	0	1	0	0	1	1	0.9308047890663147
Zm00001eb296340	Zm00001eb079170	0.087	6.21438860517651e-05	0	7.19615088	9.58e-05	1	0	0	1	1	0.9306225180625916
Zm00001eb071190	Zm00001eb253980	0.052	0	0	6.182670465		0	0	0	1	0	0.9299978017807007
Zm00001eb400130	Zm00001eb250050	0.085	1.10412774255315e-05	0.000435503	7.802812504		0	0	0	0	0	0.9291470646858215
Zm00001eb408860	Zm00001eb201220	0.09	0	0	7.030128214		0	0	0	1	0	0.9280479550361633
Zm00001eb395380	Zm00001eb285830	0.085	0.00340258	0	6.117758477		1	0	1	1	1	0.9279385209083557
Zm00001eb074730	Zm00001eb176470	0.073	0	0.006727385	9.007047158		0	0	0	0	0	0.9273560643196106
Zm00001eb372960	Zm00001eb296870		6.06842451396032e-06	0.000839284	7.363590532		0	0	0	0	0	0.9268835186958313
Zm00001eb248930	Zm00001eb345270	0.078	0	0	8.639447916		0	0	0	0	0	0.9264336824417114
Zm00001eb258290	Zm00001eb231570	0.061	1.69291253827862e-05	0	7.451125468		0	0	0	1	0	0.9262602925300598
Zm00001eb138380	Zm00001eb003180	0.203					0	0	0	1	0	0.9262415170669556
Zm00001eb135750	Zm00001eb000590	0.203					0	0	0	1	0	0.9262415170669556
Zm00001eb145580	Zm00001eb366900	0.204				5.1e-05	0	0	0	1	0	0.9262415170669556
Zm00001eb234120	Zm00001eb003930	0.204					0	0	0	1	0	0.9262415170669556
Zm00001eb135750	Zm00001eb321680	0.203					0	0	0	1	0	0.9262415170669556
Zm00001eb071190	Zm00001eb352580	0.204					0	0	0	1	0	0.9262415170669556
Zm00001eb384820	Zm00001eb247390	0.081	0.000332541	0	5.998387462	4.189095719331299	0	0	0	1	0	0.9262030720710754
Zm00001eb330680	Zm00001eb127110	0.084	0.067525696	0	7.709062452		0	0	1	1	1	0.926151693
Zm00001eb354920	Zm00001eb213970	0.06	0	0	7.340065294		0	0	0	0	0	0.9259270429611206
Zm00001eb384820	Zm00001eb395560	0.142	0.000210839	0.049565281	6.734068432	4.356547323513813	0	0	0	1	0	0.9258012175559998
Zm00001eb296340	Zm00001eb347860	0.058	1.00447823894273e-05	0	6.654444471	6.66e-06	0	0	0	1	0	0.9256064891815186
Zm00001eb384820	Zm00001eb020120	0.111	0.003655305	0.227149072	6.747470991	4.315154638355588	0	1	0	1	1	0.9253405332565308
Zm00001eb092090	Zm00001eb306020	0.072	0.039881822	0	6.861605503	2.13e-05	1	0	0	1	1	0.925054133
Zm00001eb158910	Zm00001eb223950	0.054	0	0	7.673882771		0	0	0	0	0	0.9248507618904114
Zm00001eb038010	Zm00001eb373300	0.201					0	0	0	1	0	0.924383283
Zm00001eb330680	Zm00001eb003900	0.202				7.65e-05	0	0	0	1	0	0.924383283
Zm00001eb234120	Zm00001eb001850	0.201					0	0	0	1	0	0.924383283
Zm00001eb135750	Zm00001eb017520	0.201					0	0	0	1	0	0.924383283
Zm00001eb330490	Zm00001eb353230	0.202					0	0	0	1	0	0.924383283
Zm00001eb413930	Zm00001eb245030	0.201					0	0	0	1	0	0.924383283
Zm00001eb234690	Zm00001eb007900	0.201					0	0	0	1	0	0.924383283
Zm00001eb024330	Zm00001eb249290	0.199					0	0	0	1	0	0.9234182834625244
Zm00001eb024330	Zm00001eb234120	0.199					0	0	0	1	0	0.9234182834625244
Zm00001eb171720	Zm00001eb361210	0.2					0	0	0	1	0	0.9234182834625244
Zm00001eb135750	Zm00001eb003550	0.2					0	0	0	1	0	0.9234182834625244
Zm00001eb176740	Zm00001eb006520	0.2					0	0	0	1	0	0.9234182834625244
Zm00001eb249290	Zm00001eb015320	0.2					0	0	0	1	0	0.9234182834625244
Zm00001eb312620	Zm00001eb250740	0.055	0	0	7.789988923		0	0	0	0	0	0.9228684902191162
Zm00001eb259370	Zm00001eb399890	0.1	0.003230181	0.23260026	7.738172182	4.28e-05	1	1	0	0	1	0.9228241443634033
Zm00001eb071780	Zm00001eb056070		1.02446513686808e-05	0.001596066	7.020007178		0	0	0	0	0	0.9225592613220215
Zm00001eb384820	Zm00001eb156690	0.124	0.006537127	0.108143494	5.208150619	4.076238039	0	0	0	1	0	0.92234683
Zm00001eb429870	Zm00001eb257510	0.101	0.004286022	0.214228936	7.549622133		0	0	1	1	1	0.9218947291374207
Zm00001eb198470	Zm00001eb403720	0.197					0	0	0	1	0	0.9211887121200562
Zm00001eb092090	Zm00001eb352860	0.195					0	0	0	1	0	0.9211887121200562
Zm00001eb234690	Zm00001eb009240	0.195					0	0	0	1	0	0.9211887121200562
Zm00001eb340140	Zm00001eb155280	0.195					0	0	0	1	0	0.9211887121200562
Zm00001eb021750	Zm00001eb289490	0.195					0	0	0	1	0	0.9211887121200562
Zm00001eb310270	Zm00001eb314500	0.195					0	0	0	1	0	0.9211887121200562
Zm00001eb194220	Zm00001eb140180	0.053	0	0	6.820576808		0	0	0	0	0	0.9200965762138367
Zm00001eb037730	Zm00001eb348580	0.066	0	0	7.759583323		0	0	0	0	0	0.9199249744415283
Zm00001eb118900	Zm00001eb039020	0.058	0	0	6.666899857		0	0	0	0	0	0.91991657
Zm00001eb330490	Zm00001eb325750	0.191					0	0	0	1	0	0.9196503162384033
Zm00001eb135750	Zm00001eb015730	0.194					0	0	0	1	0	0.9196503162384033
Zm00001eb101700	Zm00001eb388300	0.192					0	0	0	1	0	0.9196503162384033
Zm00001eb071590	Zm00001eb314500	0.192					0	0	0	1	0	0.9196503162384033
Zm00001eb135750	Zm00001eb001000	0.193					0	0	0	1	0	0.9196503162384033
Zm00001eb118760	Zm00001eb309360	0.191					0	0	0	1	0	0.9196503162384033
Zm00001eb135750	Zm00001eb014850	0.193					0	0	0	1	0	0.9196503162384033
Zm00001eb135750	Zm00001eb014730	0.191					0	0	0	1	0	0.9196503162384033
Zm00001eb249290	Zm00001eb346880	0.192					0	0	0	1	0	0.9196503162384033
Zm00001eb118760	Zm00001eb408860	0.191					0	0	0	1	0	0.9196503162384033
Zm00001eb176740	Zm00001eb199970	0.194					0	0	0	1	0	0.9196503162384033
Zm00001eb429870	Zm00001eb294180	0.194					0	0	0	1	0	0.9196503162384033
Zm00001eb384820	Zm00001eb104790	0.194				8.85e-05	0	0	0	1	0	0.9196503162384033
Zm00001eb015570	Zm00001eb010570	0.194					0	0	0	1	0	0.9196503162384033
Zm00001eb259370	Zm00001eb149120	0.057	4.67684760896398e-08	0	6.809479004		0	0	0	0	0	0.9189814925193787
Zm00001eb395380	Zm00001eb149420		0.000138608	0	6.236916148		0	0	1	1	1	0.918959916
Zm00001eb429870	Zm00001eb095930	0.078	1.63842441895446e-05	0	6.810676274		0	0	0	1	0	0.9189571142196655
Zm00001eb386830	Zm00001eb247070		1.79148951142788e-05	0.004399533	9.327425175		0	0	0	0	0	0.9185096621513367
Zm00001eb400130	Zm00001eb373290		3.06157585309938e-07	0.007188175	9.247456225		0	0	0	0	0	0.9182257056236267
